$ANSIBLE_VAULT;1.1;AES256
63323732353434373837313035333662373265366136346231653163386237643765343265353261
6135646336646662386533643339313938336363616363320a623039363139666331633263613635
33366333313638316234393062316433336132396531663735636636336362373039343135623161
3161343635376366620a333232353438326639633266333563613838616230323266393837363734
66396632373738343134303262326133396263393730323235653135333132313434346237623030
66646630353637666432666632663961336539373136363634633465643639333862383965306262
36373437653764646338303836386231363733343730353136383832333062663965663635373865
33353631313335376637623439346261303165623666323362326532303565363832386534643432
66373237323161363831633965653565623464353638653035386362333535336630303363333136
30383634373961383739316436656465633566336162623964643039396235383033643838646564
37373362623163386238656238626364346363633364613166386336343565666138633865303632
33306364393532613666383064393436616232346564323931393264633531623439613835633361
62643163653964663661666463646134333864323461323662323530623437313338633831373366
61626336373265666162333035396437346366333933663962323533623539623766356163376661
36633761373435366236666438383735623365306230396231653963336264643735636462633665
61306463316131663466613130653139383036303639323133316334326336643037376565626238
63336364616434356561646561626234336633396430323966343332323135366163616438333964
36633863636633646137346436653333383735663733316236646664386165313639616133336139
64366432353562313863323139316431373063653463333864346234363766396336613564353638
39366464313231303836663161363765646434646630346639326137643263346537363539653331
35323934343262393238333837326131303031653066356334616332653036333037333062646131
37303338343661323932386361383233623564653036616263346435373962653932393766393839
38383735343935623834623834613635336634653930333737623838373365303735626230376431
65313236643039383731303135643734306261396564626130356539376134376631623939643365
34343532636331313265353336386236613636336665613535396533376336393339636232396666
37313364653064313064633263306636396537616135396264633862613732643638643131626164
32613763373339646231356562333966326166333332633433656361633539386363623132363466
34623634366462376237366565346665646638653261313262303239323063373033353462346433
66623732626364656132623333343538643862656339613034613566626666336561633535306435
63366532663632393766363636646135643964336537633837343434323161393163643738373139
36353736343037313830373962633866323165333631633635646665326662353362633963323339
33306434303165393632336434636561306665366637653932383730323939346261616533323432
39613132353135353431666534393932366566633866663331353866643231393063323066653230
31383861383465363465643163633639626130633235646566663538366466626462326536396131
37653837653036316466646237323532363338643764373538373839393735303935633431626534
39626530643064613737656462396362356564633663376562663663633338646536383430356630
31393361306364323033303530643665646538363935666463656431666539373035653538643039
32326166666161663836633061306637316431613765353431393638643764646530643565336131
64353138306534396536666536666534383133663631383333353637633061383932366536626263
65623930363235393436653365653934333766306630303737626534323663656435396165303732
35376239636566396337343565616431313936383031353239326534616361363461636134353039
31316233623864626364333331393333346336623661343562643538623932623232316166353466
31336562373034303935613835636438323630613435626536323934353033353163656334333362
61623538353432336633643764363063376166396137303266663361396162363930393339313537
61313230373364636464663535386535373031393463323063356533346337373736643236316236
39646331653339363432313363653037623563656166326664363138353562636631646335366336
33303061623865396539373536663763326635383964656639623161303736353934363636313065
30613034343936643761373130323031653138383561336633383432303336626530343061346438
64663238643233376237323031663539653361313461646438373831376234656639343331373734
61616534653635373664323763636362396663643361646233646530323239306564356334653238
66343966396239333231346438636137653061323733346462633534663437333232643832313238
35643564323066316663393135623735653461616639386337396363373434363865373533626561
63393938353631323235353235303030343463393331373431376639636130353837356633333661
35356238626132316130393430313230613334303563343331626530613134646263656632313632
39396464393462646536373830646561636662326437663238393666373935356633356639623765
34653430616438633836343730303566326133666331663433363338346666303738393633306236
61656434313230393965306332653330363638633765643166653266333965666538653161363662
36343762643737613061336537326233366363336636326663393830323738383965346562313935
30323837643634643261343265666630366266353365656162343062393536386438636561303933
39323163333136643734396263383634636131623262653930333534653464353032313735356233
65316465313739343739316564386264623431663232663061306533306139373932613531306335
62626535613234323636373631326336376566396535613133666464306565373938363862346566
30633232663965393839323263336234366333303837303665346438643766633233373533366565
37653332613161323665383963366330633939666230633063363335623136336562313534623332
63376663323863326139353336323732656134353565663762666534623435343131303466316162
62626233376663663537306362623464636566373664653139616231616137303461666538383864
65383531303635383566656538393839623863663163323639336666653339626263393432663237
32626161643466386364363031666631393837373333373534373938316364356236663438333533
33656336663936613937373764376432663861353636633166646561363032313333613862613035
62333538326465366532623136643836333563653931633761653062353638316464353463373965
36663839356163643334353431353233616437343139383130663231646635633431393938613863
66343863383432656632613266306233626438323861353437666332646164623335343231613432
31653233663838373436623663343538363633646665356530663135616337316164623165366266
32376230353332373333616334363266313663623964643136343665643932633962656633333564
61393664303835666436303164623037333735616461393766656566626235383338333063346161
33626634373765383962646233336130363735623462393832623266323039386330663163306361
39333532396430303936643738333532353530313337333536653061316665623362356331633365
36366432356466623163636563313737373338653739313662326433396530656239396366316335
36636638343263303839633161363735373338323964346534613138333431336563626231363533
61366664366338363031653563303361393662316238646664323336353764383734616436303135
31313231333135396362366565396339663063333161303761646638313562383837616365323039
33653837656164633264643861323637633365373336393962623131646232616338343330356262
65633364313265653361663132633930343039343130663532363437316337343461653462363963
30643666323539636332626463656138383463343465353461623937646563653566343364613164
33653561313864396633333535343666653466366561363162386630393932633837303638393839
62623331636231666439613061393663643964336333313835363831316162396138666339646530
61353365363430333165313861386666373961323032323139623233623761343064333230333962
35646538346633323166
